0.000000000000000000e+00 0.000000000000000000e+00
-7.373688774883971897e-01 6.754902949054865102e-01
1.236386431343433900e-01 -1.408798596650315593e+00
1.053847024116030706e+00 1.374556819400997387e+00
-1.969426971847797025e+00 -3.483638938788242712e-01
1.886694190335244103e+00 -1.200160419342030327e+00
-6.358980696434056723e-01 2.365509172466635945e+00
-1.219445379268049967e+00 -2.347967837723039075e+00
2.656801840153705907e+00 9.702597498380951535e-01
-2.773036659416400873e+00 1.144669247220666985e+00
1.340318696478210336e+00 -2.864183267856816428e+00
9.926123145722345331e-01 3.164604365945220543e+00
-2.997179567344269380e+00 -1.736926780579427732e+00
3.521454572530386073e+00 -7.741819512264760395e-01
-2.151937239467422991e+00 3.060909361185549127e+00
-4.977198117160188118e-01 -3.840869040858509997e+00
3.058596017844117387e+00 2.577787888796925220e+00
-4.119584713561891931e+00 1.703578227942190160e-01
3.007308466306224837e+00 -2.992673685600035327e+00
-2.013437726592882115e-01 4.354246282103405363e+00
-2.865338463862735718e+00 -3.433632986722480407e+00
4.541650614012105791e+00 6.110725818128839304e-01
-3.850166828818184062e+00 2.678845906405990185e+00
1.052595575429165597e+00 -4.678893304467087511e+00
2.435678996162293775e+00 4.250584410131604152e+00
-4.763463919162703064e+00 -1.519674797723219228e+00
4.628844655852320855e+00 -2.138643764629211130e+00
-2.006032114584207715e+00 4.793311502005352942e+00
-1.790921246063770678e+00 -4.979216915379103270e+00
4.766891069402388048e+00 2.505344194407578051e+00
-5.296312806292968745e+00 1.396091206869056300e+00
3.011256958914713344e+00 -4.683196720978919814e+00
9.581364769958384819e-01 5.575121029309588749e+00
-4.541784459634333970e+00 -3.517412958727488270e+00
5.811043112670065902e+00 -4.814332172688038369e-01
-4.017487459926575077e+00 4.342786491336261712e+00
2.926947434473264539e-02 -5.999928607731227714e+00
4.086918063672094092e+00 4.505230375999737191e+00
-6.138108621942230947e+00 -5.688783219972780580e-01
4.974511990708157860e+00 -3.775477513414794650e+00
-1.131991355505092001e+00 6.222426823278980557e+00
-3.410339981888905747e+00 -5.419370923634031278e+00
6.250267227784232382e+00 1.712938872606495133e+00
-5.834063117728891079e+00 2.993945146183452088e+00
2.305828878112030189e+00 -6.219578215993800008e+00
2.529279262273746554e+00 6.213110848313586843e+00
-6.128892330772933938e+00 -2.904596150550489142e+00
6.551350907251932476e+00 -2.019851799031127104e+00
-3.503054183595337712e+00 5.977341498257833230e+00
-1.469666945882438291e+00 -6.843981229385464715e+00
5.764667391289764353e+00 4.094949311994040997e+00
-7.086605316109412911e+00 8.831902930228672233e-01
4.674016373226170806e+00 -5.491226724768671019e+00
2.653110062435926619e-01 7.275273882814722981e+00
-5.157991337134624210e+00 -5.234035285135568927e+00
7.406523218941808651e+00 3.787001548400310003e-01
-5.768887941769984984e+00 4.766542973193556243e+00
1.043236598389059022e+00 -7.477409805526351150e+00
4.319062741623221235e+00 6.272614848205021687e+00
-7.485540787902048798e+00 -1.722405037340161815e+00
6.739470932599234132e+00 -3.818315276224581556e+00
-2.410077571174306765e+00 7.429099952277027796e+00
-3.267627683542274397e+00 -7.163979991718859353e+00
7.306868905227852373e+00 3.099946257891309287e+00
-7.540987245725001564e+00 2.670863410924050552e+00
3.785579700595533392e+00 -7.118243205344913171e+00
2.032391218347964656e+00 7.865709499821492479e+00
-6.863243246619699534e+00 -4.460481155405667586e+00
8.133782434835513442e+00 -1.357049484271398487e+00
-5.118147653415637599e+00 6.542519743786487929e+00
-6.501061201481154184e-01 -8.341304576176675312e+00
6.157353720675653008e+00 5.752129619408945516e+00
-8.484877520982262666e+00 -8.278559011013371383e-02
6.356090464156888942e+00 -5.709650953556955066e+00
-8.356348708253651392e-01 8.561642036587413074e+00
-5.201930872230024150e+00 -6.923865625540416957e+00
8.569309679655477296e+00 1.602164665121211140e+00
-7.449520536499473877e+00 4.637309971985118295e+00
2.375865753204151609e+00 -8.506189624194353982e+00
4.019479839203922822e+00 7.927407004956488201e+00
-8.371210428044111751e+00 -3.150053328025658850e+00
8.352217502359819079e+00 -3.352679941967962485e+00
-3.917925553745952971e+00 8.163936510979521444e+00
-2.641665384250657667e+00 -8.719036873282037803e+00
7.884579163023593296e+00 4.672623612277599925e+00
-9.023390998483574066e+00 1.891669867732103993e+00
5.407292727313965486e+00 -7.534001948575371976e+00
1.108364148666390214e+00 9.261291967860156404e+00
-7.113720420167039649e+00 -6.115143643750201363e+00
9.429279347563333857e+00 -2.978103181818618217e-01
-6.789514033406990556e+00 6.625896104691768151e+00
5.335877273925260234e-01 -9.524457157086489545e+00
6.073324774406449578e+00 7.423929295499845260e+00
-9.544526207003423579e+00 -1.379137224435935227e+00
8.012162222404313638e+00 -5.459419064504682062e+00
-2.231912454643227406e+00 9.487811486049269050e+00
-4.788185548174137551e+00 -8.548291007929964991e+00
9.353284327037599155e+00 3.084813170613869726e+00
-9.026755086488080337e+00 4.064196428392896188e+00
3.930625048377927921e+00 -9.140579124380687759e+00
3.292556052879815454e+00 9.442408307134598999e+00
-8.850004421367923868e+00 -4.762081660552262896e+00
9.790568966371226978e+00 -2.478862504199983441e+00
-5.571927447799196464e+00 8.482548232486623263e+00
-1.629164560653761251e+00 -1.006706624763688573e+01
8.039877514550788362e+00 6.352981154625017446e+00
-1.026828264342927000e+01 7.499143648772378379e-01
7.098199188415638794e+00 -7.524331749835035943e+00
-1.520838242995020406e-01 1.039119196773817855e+01
-6.938910654379330190e+00 -7.800738358036437781e+00
1.043339260169399019e+01 1.069728385580708929e+00
-8.454017450348574769e+00 6.287256074727810784e+00
1.995678151086145657e+00 -1.039313565375134374e+01
5.573628186145200836e+00 9.051777109640282148e+00
-1.026934775702952862e+01 -2.922412812248228242e+00
9.588137496145886729e+00 -4.802876154451755752e+00
-3.842295418782974536e+00 1.006164827027855146e+01
-3.980403471541068772e+00 -1.005765321552417824e+01
9.770360694976575999e+00 4.747636453021315539e+00
-1.045536503119938487e+01 3.112128221068831024e+00
5.630758945400767601e+00 -9.396518168917102898e+00
2.204438575280815993e+00 1.077684789573527802e+01
-8.941862945901368320e+00 -6.484064084871162592e+00
1.101825486571335233e+01 -1.264143866094372459e+00
-7.300096770409455260e+00 8.408839821441327800e+00
-2.984216130677596612e-01 -1.117635649667878361e+01
7.800583515231831910e+00 8.071610546966038413e+00
-1.124857535038612077e+01 -6.852390726496518925e-01
8.791631370887291297e+00 -7.120900072212111631e+00
-1.679097256149454820e+00 1.123301528550510753e+01
-6.374242394799626510e+00 -9.453519656315265252e+00
1.112848524484203594e+01 2.675222636591783942e+00
-1.005103006509303754e+01 5.565680069011859743e+00
3.665560187652519453e+00 -1.093451729664811722e+01
4.700863696167592920e+00 1.057836851835166314e+01
-1.065137873437351956e+01 -4.641996451628927822e+00
1.103024592799934922e+01 -3.785983989381596082e+00
-5.596426941095118401e+00 1.028007808788360933e+01
-2.827725939606319461e+00 -1.140192817072961340e+01
9.822364949317654137e+00 6.520824089209581231e+00
-1.168928185563779465e+01 1.833218399279532340e+00
7.407305181686087536e+00 -9.280723567985765143e+00
8.099794721927242591e-01 1.188881546894501895e+01
-8.658360220600407331e+00 -8.248199699954195552e+00
1.199771551535670611e+01 2.341418641955750335e-01
-9.036115506365399952e+00 7.959184415228911291e+00
1.291027443599463309e+00 -1.201387731500006062e+01
7.187784039281947202e+00 9.764003308307700024e+00
-1.193593015733951646e+01 -2.352354411884621133e+00
1.042521884888805062e+01 -6.349394613094172968e+00
-3.409662026566579129e+00 1.176325655864862441e+01
-5.449862860885903437e+00 -1.101358228722773624e+01
1.149600541714795554e+01 4.454420214674949641e+00
-1.152343425140841582e+01 4.495604859578667956e+00
5.478099330748480433e+00 -1.113509890941490710e+01
3.493559072792872033e+00 1.194968807144799960e+01
-1.068223302275069209e+01 -6.472240543092834919e+00
1.228787772829758218e+01 -2.451134621845207029e+00
-7.428526267554649287e+00 1.013987167040345660e+01
-1.376155187458286022e+00 -1.253420108742602146e+01
9.511234389516882715e+00 8.338850063868004980e+00
-1.268555802192467219e+01 2.767989746776648996e-01
9.195385410335926935e+00 -8.800277674902149627e+00
-8.384647910067977161e-01 1.273958306987485045e+01
-8.011670054863110124e+00 -9.990652778072599105e+00
1.269467231371235982e+01 1.960942336598626490e+00
-1.071758443640132263e+01 7.150761067789088266e+00
3.081784255979827858e+00 -1.255000421512259301e+01
6.223544349780946838e+00 1.136958643602790353e+01
-1.230555418726180328e+01 -4.192056314550597129e+00
1.194059723638985027e+01 -5.236615093580880398e+00
-5.282811573675568972e+00 1.196210273643557365e+01
-4.197122187310874608e+00 -1.242514246778614506e+01
1.152123705735780668e+01 6.345163249922354254e+00
-1.281838534750212943e+01 3.112715387397750888e+00
7.370357714160631346e+00 -1.098534601937111788e+01
1.991487923357693868e+00 1.311617230182344329e+01
-1.035760853505642309e+01 -8.349847030606390774e+00
1.331507338242747096e+01 -8.419149722931908997e-01
-9.275360435733768227e+00 9.641975357115610379e+00
3.272115221522627349e-01 -1.341241710579307878e+01
8.843144403755298200e+00 1.013897416183369593e+01
-1.340631938772772003e+01 -1.506851178529547752e+00
1.093317901969291839e+01 -7.966529766676743840e+00
-2.687786116941723424e+00 1.329570629149032257e+01
-7.018224608636243644e+00 -1.165094516950160042e+01
1.308033035695121704e+01 3.860693947080032551e+00
-1.228578352842791510e+01 6.004958209064350960e+00
5.016222222489725269e+00 -1.276078032937642170e+01
4.934047465857950066e+00 1.283180328732718500e+01
-1.233848415933987575e+01 -6.145063762868451462e+00
1.328376503748095416e+01 -3.813343208917689076e+00
-7.238032235165610118e+00 1.181570519955129406e+01
-2.651171725736561235e+00 -1.363712904099154599e+01
1.119553157956292111e+01 8.286137378236578144e+00
-1.388809821514166210e+01 1.456271941149375859e+00
9.280659254696693949e+00 -1.048185879499493112e+01
2.377287316662258509e-01 1.403365544147854393e+01
-9.679365603571662646e+00 -1.021322091763385842e+01
1.407159485420129386e+01 9.950971104448370630e-01
-1.107585888879027003e+01 8.793483375523353018e+00
2.232641717579555873e+00 -1.400054680935439144e+01
7.830359100223318158e+00 1.186109085883544978e+01
-1.381999628593166918e+01 -3.465213219534240885e+00
1.256198003917368489e+01 -6.796812303970290792e+00
-4.683068454563976246e+00 1.353029452191887039e+01
-5.700286185017380269e+00 -1.317219561838116526e+01
1.313266374212752474e+01 5.876490707574469674e+00
-1.368606880454352748e+01 4.548793321013876678e+00
7.035867852048422577e+00 -1.262919488995682293e+01
3.350856350393771166e+00 1.409864396738302261e+01
-1.202283833155269477e+01 -8.151770265000555682e+00
1.440572443077039644e+01 -2.115444072696061273e+00
-9.215027882136661574e+00 1.131738755771153571e+01
-8.519034527877892282e-01 -1.460391250682940267e+01
1.051745596590718712e+01 1.021680576330994583e+01
-1.469064340696970916e+01 -4.301119496798471165e-01
1.114867754650753007e+01 -9.628446861462071737e+00
-1.720716571984604482e+00 1.466421271254947101e+01
-8.656516872750609437e+00 -1.200269618176616326e+01
1.452379713806011985e+01 3.009869879658698899e+00
-1.277146135462848697e+01 7.608533029909978040e+00
4.287455232400084526e+00 -1.426946837237341192e+01
6.492023809394324552e+00 1.344818303185442154e+01
-1.390219983827185679e+01 -5.543359960958152755e+00
1.402674058991107486e+01 -5.315124497445110840e+00
-6.767556017640520061e+00 1.342386626676895922e+01
-4.086517273658167859e+00 -1.450173701913303148e+01
1.283723604014888942e+01 7.950180554522171761e+00
-1.486854773305107003e+01 2.815366461045859303e+00
9.081615779937273203e+00 -1.214595631581121538e+01
1.511249430745254418e+00 1.512336355306160662e+01
-1.135453100132628812e+01 -1.015256744572131709e+01
1.526322748293878817e+01 -1.840836876587580162e-01
-1.115414132462968055e+01 1.046829170926127972e+01
1.155949302680390867e+00 -1.528606493541201417e+01
9.493361877701698148e+00 1.207791704968203739e+01
-1.519070712372661802e+01 -2.498482955947748607e+00
1.291601870454030454e+01 -8.436614298636921916e+00
-3.833046464445224455e+00 1.497690738441698421e+01
-7.305622350918814512e+00 -1.366118157648728015e+01
1.464535025300268600e+01 5.149147110626590695e+00
-1.430681451082766742e+01 6.108605287033273434e+00
6.436353348025122934e+00 -1.419765317154091555e+01
4.854367972835201606e+00 1.484705733754375423e+01
-1.363636076550060849e+01 -7.684377988693402273e+00
1.527683287741876583e+01 -3.552235526456130277e+00
-8.883160831457805884e+00 1.296493168676387242e+01
-2.211983346219441593e+00 -1.559189307544301428e+01
1.218771807924795603e+01 1.002295006576269820e+01
-1.578885885372403131e+01 8.437630574872738709e-01
1.109438179166702554e+01 -1.130993778323855992e+01
-5.419750558561031717e-01 1.586525332413037148e+01
-1.033763945345982194e+01 -1.208855700777685627e+01
1.581952805197578193e+01 1.934562537823821371e+00
-1.299711543529292257e+01 9.277660823810624180e+00
3.323195540392385627e+00 -1.565108211595339327e+01
8.137580407985707254e+00 1.381230556799143550e+01
-1.536027376574031678e+01 -4.697019250706746085e+00
1.452705036453200549e+01 -6.925662979552970278e+00
-6.045213302063415561e+00 1.494842453680505656e+01
-5.650799226853401080e+00 -1.513500803097880620e+01
1.441781574151193723e+01 7.357077493394412748e+00
-1.563062737743740449e+01 4.322440027080112657e+00
8.622117135590656289e+00 -1.377167731614976631e+01
2.950525829500146191e+00 1.600919727311311647e+01
-1.301416906451913214e+01 -9.830127342009014058e+00
1.626688976848052093e+01 -1.545411679813435191e+00
-1.097127558493290778e+01 1.215035439974715636e+01
-1.177884555161863023e-01 -1.640079650138209288e+01
1.118616674650554366e+01 1.203618184971353600e+01
-1.640895805528683482e+01 -1.321399084242686373e+00
1.301599573358170936e+01 -1.012836882540237582e+01
-2.761036801951987751e+00 1.629038599230437612e+01
-8.984505099379767046e+00 -1.390246985679950953e+01
1.604507734041325406e+01 4.189927581731831552e+00
-1.468802897957321818e+01 7.762847718151975940e+00
5.596878950758492621e+00 -1.567402137329653300e+01
6.472336350459877430e+00 1.536583424896011429e+01
-1.517919858171513603e+01 -6.970791233199945758e+00
1.592984203550422606e+01 -5.122512344922418137e+00
-8.300745539627476077e+00 1.456357179699933901e+01
-3.723447707907774795e+00 -1.637485685941945235e+01
1.383106948955967219e+01 9.576090892163227508e+00
-1.669657795036065195e+01 2.285669430939329949e+00
1.078652978861961920e+01 -1.298656132774267746e+01
8.200797401302711842e-01 1.689163903296029545e+01
-1.203582614446636079e+01 -1.192220151734485611e+01
1.695764098191429525e+01 6.621271241240070937e-01
-1.297376254857409350e+01 1.098551252027943725e+01
2.149550958028165315e+00 -1.689317704515169893e+01
9.843092251420049621e+00 1.393246334752166149e+01
-1.669785039103397040e+01 -3.630673810554534420e+00
1.479022097930469037e+01 -8.616807029482291824e+00
-5.093949678756546362e+00 1.637228379519168087e+01
-7.315608715047274835e+00 -1.553968690573668887e+01
1.591812134405024004e+01 6.527894980473582187e+00
-1.617430940888107571e+01 5.949093640696970553e+00
7.921179092704128344e+00 -1.533802209482392698e+01
4.527431428532292301e+00 1.668839011588409704e+01
-1.463564569529978776e+01 -9.262714239446927067e+00
1.707713414348109637e+01 -3.061288853661512377e+00
-1.054174401411175666e+01 1.381563003054652405e+01
-1.561749327158482803e+00 -1.733669342865357521e+01
1.288356102733565400e+01 1.174792982848118150e+01
-1.746420286354160112e+01 4.022861003444903882e-02
1.287143459287643665e+01 -1.184593480993812342e+01
-1.491612597211205538e+00 1.745780890775932548e+01
-1.071011246267140571e+01 -1.390300295033165412e+01
1.731669040910171731e+01 3.021958516479768431e+00
-1.483403741129256304e+01 9.484267714503458180e+00
4.538929909580701860e+00 -1.704107142394261842e+01
8.177327918834283338e+00 1.565666976428427581e+01
-1.663222589087790837e+01 -6.030676737714482094e+00
1.636382717212597981e+01 -6.798908756616127036e+00
-7.485471137419128063e+00 1.609247407488560100e+01
-5.359243142983318720e+00 -1.694929240217379274e+01
1.542517076401367504e+01 8.891799980938497328e+00
-1.740775768260882828e+01 3.869104865931295656e+00
1.023845628858573242e+01 -1.463468526572127004e+01
2.339727530114758647e+00 1.773487172450996496e+01
-1.372637331518233061e+01 -1.151462876571582683e+01
1.792727950111953561e+01 -7.827194189103117150e-01
-1.270998874810957702e+01 1.270654107233467123e+01
7.900250765819626375e-01 -1.798265443082226511e+01
1.158240144801750127e+01 1.381477385616435249e+01
-1.789972266857068561e+01 -2.366416782449102918e+00
1.481986768082612471e+01 -1.036202306129480100e+01
-3.934265116342402724e+00 1.767827927130724319e+01
-9.054272189971820595e+00 -1.571687485188779121e+01
1.731919606592776262e+01 5.481372786989793688e+00
-1.649819087253605332e+01 7.668748133389707178e+00
6.995631080466083063e+00 -1.682442111295413767e+01
6.215712460895617575e+00 1.715706614207297775e+01
-1.619696972491187026e+01 -8.465114986241376371e+00
1.768766363177269696e+01 -4.706012669900648149e+00
-9.878177413662095674e+00 1.544090706481377850e+01
-3.151000824397479860e+00 -1.808510972608810263e+01
1.456132241677327954e+01 1.122354175270783117e+01
-1.834553779294784093e+01 1.562447787134777277e+00
1.249039204233901224e+01 -1.356429528684311236e+01
-4.754630332618697136e-02 1.846612410196140885e+01
-1.245685355748902801e+01 -1.366846002471649868e+01
1.844511576781451012e+01 1.666644626763783110e+00
-1.474810838466078700e+01 1.124692398277405303e+01
3.282368634908129135e+00 -1.828185045734078074e+01
9.943275373248159354e+00 1.572040950012933536e+01
-1.797676766237225721e+01 -4.882194630807655145e+00
1.657721906165168591e+01 -8.555454878731584500e+00
-6.453651223597261399e+00 1.753141140593539404e+01
-7.093717833725829536e+00 -1.731124395574968844e+01
1.694842431615176181e+01 7.984416897912806732e+00
-1.791610384966894998e+01 5.568951683025938237e+00
9.462416932337628594e+00 -1.623153306988006150e+01
3.992594554425754616e+00 1.838638596146533999e+01
-1.538552527605112275e+01 -1.087591890278665474e+01
1.871769255069118643e+01 -2.376549090130396724e+00
-1.221362601405489556e+01 1.441621793636602611e+01
-7.330921889802520797e-01 -1.890668071985286858e+01
1.333041768800456417e+01 1.346476751612648570e+01
-1.895109417536817276e+01 -9.252186532525880081e-01
1.461918548128392992e+01 -1.213587309853795304e+01
-2.585641687957351831e+00 1.884978665824886690e+01
-1.084121934716195845e+01 -1.566741724301492056e+01
1.860273681885989561e+01 4.235349200270779768e+00
-1.660077282860335401e+01 9.455915687711291540e+00
5.861526977209893907e+00 -1.821105437626939505e+01
7.990176147691542496e+00 1.741140675330000676e+01
-1.767697747042966583e+01 -7.451474183671441764e+00
1.809238358539092317e+01 -6.454893972721560402e+00
-8.992702865528366729e+00 1.700386118422277448e+01
-4.861560377518467035e+00 -1.863773673748351101e+01
1.619615728160993129e+01 1.047303629848353168e+01
-1.904251999005409957e+01 3.222178211767641631e+00
1.188070540650194928e+01 -1.525938527739290507e+01
1.549171192207786651e+00 1.930285130796052684e+01
-1.420009502262977996e+01 -1.320444248532610487e+01
1.941594856913597056e+01 1.447106100703944853e-01
-1.443357148397063661e+01 1.302582105731188200e+01
1.846488305280518549e+00 -1.938015688632221156e+01
1.174502904757920696e+01 1.555809412079515042e+01
-1.919496726722283952e+01 -3.543053994824781228e+00
1.656877113989481387e+01 -1.036705468847293865e+01
-5.221272085154096132e+00 1.886102642521849759e+01
-8.902035513966184865e+00 -1.745719804860117819e+01
1.838013762132989726e+01 6.868081320206782081e+00
-1.821587471699414706e+01 7.360836113837433636e+00
8.470596737550250666e+00 -1.775525248792038724e+01
5.754967310792604707e+00 1.883826826573261570e+01
-1.699045385508193107e+01 -1.001621075049499865e+01
1.931886871840553255e+01 -4.096499901258642495e+00
-1.149269256145589857e+01 1.609092967133522123e+01
-2.397973608596070783e+00 -1.965323694897297813e+01
1.506293818041378785e+01 1.288828512149822636e+01
-1.983804451311298322e+01 6.723019379325150258e-01
1.419179886646683997e+01 -1.391376458524976201e+01
-1.067326342900308589e+00 1.987110501400843177e+01
-1.265166949791975171e+01 -1.539270148204684041e+01
1.975139671785794704e+01 2.807548342200054670e+00
-1.648120297767582798e+01 1.128582954012018114e+01
4.534930024878884858e+00 -1.947907620164395581e+01
9.826270521707527905e+00 1.744833538290176733e+01
-1.905548288494896525e+01 -6.236070238653272035e+00
1.828602641866737244e+01 -8.283793685009236185e+00
-7.897704978188301972e+00 1.848313436832345502e+01
-6.669895558969293425e+00 -1.898716654038831919e+01
1.776571257231933743e+01 9.506811074052892607e+00
-1.954566879884484010e+01 4.996682019686993215e+00
1.105070849416271805e+01 -1.690804074329843587e+01
3.276777201828162678e+00 1.995652101869409378e+01
-1.591605146386463510e+01 -1.251716045273896860e+01
2.021582985228721085e+01 -1.523227948592526415e+00
-1.389447053536615861e+01 1.479674587677444819e+01
2.505954742350801623e-01 -2.032085632812487574e+01
1.355814440079509353e+01 1.517157606866170561e+01
-2.027004257812945909e+01 -2.031101642168287924e+00
1.633813698900715394e+01 -1.220922928478436909e+01
-3.804582429329446125e+00 2.006302949552827997e+01
-1.075987941154627237e+01 -1.738461949681334318e+01
1.970066514497655419e+01 5.557318854043362677e+00
-1.830237382042193772e+01 9.220797825434287276e+00
7.275687493302917197e+00 -1.918500381808133781e+01
7.603432516548384257e+00 1.908370545691519382e+01
-1.851929570013163939e+01 -8.946266638720638653e+00
1.972193930532207773e+01 -5.919891049435971553e+00
-1.055594136497123081e+01 1.770796718709658535e+01
-4.182849674757471270e+00 -2.021147616079491982e+01
1.675659196512824423e+01 1.209200668682413315e+01
-2.054784109571707873e+01 2.405457608265101133e+00
1.354226799209385668e+01 -1.567185303754186876e+01
6.012372020228956560e-01 2.072772331508947019e+01
-1.446149595558887313e+01 -1.489513795594007206e+01
2.074900713835924648e+01 1.216019231886161123e+00
-1.613972916571542982e+01 1.313427357935545636e+01
3.032355155829832061e+00 -2.061079382772318880e+01
1.169988276234413149e+01 1.726594171620542184e+01
-2.031341405319771098e+01 -4.833757286350830462e+00
1.826454507091946411e+01 -1.016889341828065163e+01
-6.606263989422425986e+00 1.985843085699523414e+01
-8.552670489882952864e+00 -1.912725352713988869e+01
1.924863305332210572e+01 8.336073750786738401e+00
-1.984679466949851445e+01 6.863289396984898261e+00
1.000965287688233651e+01 -1.848801907410096845e+01
5.113445594662411331e+00 2.041697024904595281e+01
-1.758177134571967670e+01 -1.161384158436950820e+01
2.083270898154256301e+01 -3.316358920616996553e+00
-1.313595764536353627e+01 1.653622135613862909e+01
-1.485673454388761305e+00 -2.109011081969282841e+01
1.535880564499169587e+01 1.456389677110392356e+01
-2.118648231865966025e+01 -3.646463507587658359e-01
1.588622893896083887e+01 -1.405801302101129835e+01
-2.220422470681747029e+00 2.112036278219888175e+01
-1.264332338086904528e+01 -1.709228989593758996e+01
2.089154094729545719e+01 4.067372228783255217e+00
-1.817226710645961774e+01 1.112513857043973076e+01
5.891218491356162268e+00 -2.050106203802874560e+01
9.514705793381979859e+00 1.911727945251058358e+01
-1.995122509377253550e+01 -7.677800287687945868e+00
1.991945004009864917e+01 -7.824034132083897752e+00
-9.413182996070167619e+00 1.924557055227242230e+01
-6.065804801859981055e+00 -2.057197151723024220e+01
1.838885814403797880e+01 1.108376723674979125e+01
-2.106916336441664228e+01 4.253275810892540143e+00
1.267639561962573858e+01 -1.738703523015736607e+01
2.400181744290470931e+00 2.140652067932513702e+01
-1.624719579077597231e+01 -1.417845650753958076e+01
2.158075404138244835e+01 -5.206294318948033739e-01
-1.557798397631809628e+01 1.497753034493926982e+01
1.371009705740924289e+00 -2.158982011010662205e+01
1.358726715447414612e+01 1.686375317872471769e+01
-2.143294268170511430e+01 -3.260209809620107091e+00
1.802537035241527619e+01 -1.208660513371179945e+01
-5.132402386586396581e+00 2.111062400172392373e+01
-1.048663895318342298e+01 -1.905335675059846778e+01
2.062464620663077852e+01 6.973088903155513663e+00
-1.993922581863758126e+01 8.799276888095780791e+00
8.767953297048219241e+00 -1.997806284354870243e+01
7.037152021070024688e+00 2.067555298975943145e+01
-1.917518049448795736e+01 -1.050297353151995239e+01
2.125603752810495095e+01 -5.213527462648874788e+00
-1.216453132206939003e+01 1.822153060844211225e+01
-3.342196302335320723e+00 -2.167555590698093582e+01
1.712383172146572008e+01 1.373951917553610613e+01
-2.193020627412546020e+01 1.437377046675046843e+00
1.521544389949620601e+01 -1.588994232026295705e+01
-4.863946612532805136e-01 2.201734362345976237e+01
-1.452880467865827363e+01 -1.658052576396169187e+01
2.193560536359362345e+01 2.414377214248575765e+00
-1.782379252812846460e+01 1.305038006780767823e+01
4.331736253312267415e+00 -2.168492704695453099e+01
1.146557580968502243e+01 1.893516758184003024e+01
-2.126654809901818766e+01 -6.223659048513654035e+00
1.990555149442796434e+01 -9.786164708540145085e+00
-8.075469164699430991e+00 2.068300746434107751e+01
-8.024697456443503185e+00 -2.072689631210011285e+01
1.993812916415025072e+01 9.872740522958212139e+00
-2.139227199900881615e+01 6.194408665919882040e+00
1.160140996978817896e+01 -1.903699783875859453e+01
4.309117234521720796e+00 2.189592447601031822e+01
-1.798592442617751175e+01 -1.324788747445535719e+01
2.223332477428341747e+01 -2.383121793202184868e+00
-1.479916309004474861e+01 1.679240220558861196e+01
-4.310920311341880917e-01 -2.240120888837681790e+01
1.546505351011704299e+01 1.624290983565495949e+01
-2.239760798395169061e+01 -1.532043275245015934e+00
1.756758168583644064e+01 -1.401356748695577892e+01
-3.491210672490784983e+00 2.222186868920537961e+01
-1.244862935396355930e+01 -1.876250588827720378e+01
2.187466327503241104e+01 5.431308001204529390e+00
-1.981796887199583423e+01 1.078184166961304058e+01
7.337321033869318221e+00 -2.135798960684124737e+01
9.025638196980334982e+00 2.072529505549220374e+01
-2.067516083003398819e+01 -9.194439877025049057e+00
2.147691791675164197e+01 -7.193191002407229639e+00
-1.098817423403709626e+01 1.983078483072324971e+01
-5.298311484156821294e+00 -2.206644274496575520e+01
1.883073359294029814e+01 1.270446662995773934e+01
-2.248870055625781461e+01 3.355346076184911652e+00
1.432980271278204221e+01 -1.768210265247729041e+01
1.379067416226734233e+00 2.273979272248324079e+01
-1.639316092511458933e+01 -1.585131776488302435e+01
2.281712593269837086e+01 6.154381946089214628e-01
-1.725689858449141667e+01 1.497329126293141499e+01
2.612886181620651449e+00 -2.271943718057064743e+01
1.343292216541059148e+01 1.853527993039276467e+01
-2.244680854740220610e+01 -4.597911051365731971e+00
1.967613476196514455e+01 -1.178345114255525772e+01
-6.555184809031084470e+00 2.200067162882643146e+01
-1.003716029363912909e+01 -2.067015755236989349e+01
2.138380153312795784e+01 8.469535523970272095e+00
-2.150914000379871638e+01 8.207124727758538185e+00
1.032606512493176432e+01 -2.060030045983960889e+01
6.307114510125051865e+00 2.218603855031740579e+01
-1.965557094819480000e+01 -1.211026550908280086e+01
2.269503309540757741e+01 -4.351490870765418961e+00
-1.380813205879242567e+01 1.855627896554017653e+01
-2.355097459289432038e+00 -2.303157649743604551e+01
1.731030708522439454e+01 1.540627367714951745e+01
-2.319243438629551335e+01 3.331474709154718661e-01
1.689201847695779435e+01 -1.592669808133865850e+01
-1.698892496579475830e+00 2.317571496815288867e+01
-1.441558934321355956e+01 -1.825351428870144233e+01
2.298088855163204869e+01 3.725420966477090534e+00
-1.947982319038869647e+01 1.278813858507933077e+01
5.730821577546872270e+00 -2.260879660765524335e+01
1.105644139571953843e+01 2.056100930555257023e+01
-2.206165025569451288e+01 -7.699583624808186144e+00
2.148821916549884392e+01 -9.233441237994007622e+00
-9.616422214750972586e+00 2.134301815085308007e+01
-7.332832568753202551e+00 -2.225375398710591313e+01
2.045780382835114253e+01 1.146639710286982172e+01
-2.285113327783815862e+01 5.368957805615314882e+00
1.323502928851906724e+01 -1.941221264390132362e+01
3.356698916873911198e+00 2.327514924509523908e+01
-1.821370852977706178e+01 -1.490841445601530957e+01
2.352191155634631414e+01 -1.311364455604073775e+00
-1.647333237269135608e+01 1.687096086590324973e+01
7.514271031333566997e-01 -2.358888206992176606e+01
1.539378184320171883e+01 1.791735138249828196e+01
-2.347489923275654178e+01 -2.815866831355168021e+00
1.922892716915239930e+01 -1.379305477127647706e+01
-4.866076708114014160e+00 2.318019192049000665e+01
-1.208065385434818317e+01 -2.039749500432399643e+01
2.270638257643541280e+01 6.886231937173650230e+00
-2.141355474426805827e+01 1.026935602724118723e+01
8.860683278803684004e+00 -2.205647958838238409e+01
8.372745506817629746e+00 2.226874789201371030e+01
-2.123485892550022314e+01 -1.077407844848474916e+01
2.295592610151370394e+01 -6.405111772782883683e+00
-1.261148163984908344e+01 2.024723514082230125e+01
-4.381341745417281608e+00 -2.346921056426619501e+01
1.910062192770129030e+01 1.435849024009894848e+01
-2.380404178792224101e+01 2.316806974879819681e+00
1.600134782512926535e+01 -1.780328250012427205e+01
2.272466985542457019e-01 2.395721934903957617e+01
-1.636467014658459718e+01 -1.752705254723345973e+01
2.392693127858321134e+01 1.871352342547052849e+00
-1.892346006108600065e+01 1.479535938449900989e+01
3.962878409099771737e+00 -2.371277281792854197e+01
1.310696821644040533e+01 2.017938017316738808e+01
-2.331575436463822015e+01 -6.031218650310546714e+00
2.128466644584524303e+01 -1.131207205993268694e+01
-8.060383418256915178e+00 2.273829851045783457e+01
-9.424109989177678059e+00 -2.223029803920499958e+01
2.198422615814007131e+01 1.003463004937152370e+01
-2.300845313173713791e+01 7.457283988467609426e+00
1.193858515352385119e+01 -2.105873178831194537e+01
5.426451973591049693e+00 2.361257332393718400e+01
-1.996834803184313856e+01 -1.375736445977885225e+01
2.403741849680013232e+01 -3.347015388325969010e+00
-1.547668928364420537e+01 1.872089978653623987e+01
-1.234802227610108272e+00 -2.427911166947195198e+01
1.732544819873824693e+01 1.708299870376502483e+01
-2.433517347625935656e+01 -8.940536227560370586e-01
1.856355656642783813e+01 -1.579222490990531469e+01
-3.023235808615484022e+00 2.420454596239113698e+01
-1.413255704502394572e+01 -1.990655247322207444e+01
2.388760547966885994e+01 5.136370746713498470e+00
-2.110119595136913162e+01 1.235878349280069344e+01
7.217153717853402206e+00 -2.338616454686135171e+01
1.048416309682503744e+01 2.213780305629201450e+01
-2.270346262471120724e+01 -9.249474841759461441e+00
2.300787471220542102e+01 -8.522775441571738497e+00
-1.121754395908247481e+01 2.184414584107266677e+01
-6.489414976490761156e+00 -2.370416615835489438e+01
2.081423578740774971e+01 1.310601345132052664e+01
-2.422074693532242762e+01 4.399479275444893922e+00
1.490009804247068992e+01 -1.962108759281098358e+01
2.268852276687767677e+00 2.455305091728049760e+01
-1.827333756541144538e+01 -1.658569064647362978e+01
2.469791597159916918e+01 -1.137833899416736128e-01
-1.814947335218779401e+01 1.678084077268552932e+01
2.049236607789243880e+00 -2.465361290612993272e+01
1.515459901118248176e+01 1.957902267249994566e+01
-2.441986344641291495e+01 -4.203601938640993296e+00
2.086290822572085801e+01 -1.340667969204713650e+01
-6.332719482856838944e+00 2.399784706909029097e+01
-1.155012624067006222e+01 -2.199078406570772870e+01
2.339019660354765406e+01 8.420136747546791867e+00
-2.295347193171383893e+01 9.598860676144070680e+00
1.044966915719318123e+01 -2.260098260043588425e+01
7.567579099113081575e+00 2.374303574900789116e+01
-2.163568655264583285e+01 -1.240552567994038213e+01
2.435284677718982849e+01 -5.471640873331769406e+00
-1.427243181354295487e+01 2.050116314085049751e+01
-3.326952337879081956e+00 -2.477763887341731674e+01
1.920559176109906829e+01 1.603574897240548580e+01
-2.501355341277659861e+01 1.149845931493551410e+00
1.768158934178066843e+01 -1.775841767581301767e+01
-1.043044351123525004e+00 2.505817348654106169e+01
-1.617028321068515240e+01 -1.919692529771978329e+01
2.491054708087571967e+01 3.234910220002136683e+00
-2.056969253047146751e+01 1.445294949835037279e+01
5.408898092641153177e+00 -2.457119902290938285e+01
1.261920934440040476e+01 2.178888605510152487e+01
-2.404213156730034129e+01 -7.548238847613425229e+00
2.284464834575824455e+01 -1.068279186161769267e+01
-9.636377328651047236e+00 2.332681358393940840e+01
-8.658259583995853603e+00 -2.372834888853718738e+01
2.243015839541580192e+01 1.165710059820013988e+01
-2.443265451215868111e+01 6.560898832438442518e+00
1.359466394563282599e+01 -2.135849040089938100e+01
4.406604158390118542e+00 2.495158992511817786e+01
-2.011950071012259045e+01 -1.543391367007657600e+01
2.528058796188412316e+01 -2.211757740223717850e+00
-1.716040567961802310e+01 1.872219209683881047e+01
6.895351486370146499e-03 -2.541652911894399125e+01
1.717681366466861093e+01 1.876051897814273062e+01
-2.535777004296890880e+01 -2.232375068824346886e+00
2.022156314785134157e+01 -1.549478569898469082e+01
-4.447596503036405302e+00 2.510416071782082525e+01
-1.368861525560548742e+01 -2.153187897941107920e+01
2.465705018375014390e+01 6.635501204583344581e+00
-2.268093145188421289e+01 1.177180311060839379e+01
8.779188695962638178e+00 -2.401928071031024459e+01
9.758742763850550617e+00 2.365939432168529422e+01
-2.319517043353149433e+01 -1.086204716245636703e+01
2.445922564221562112e+01 -7.664612252631040512e+00
-1.286788230911655972e+01 2.219048455709620171e+01
-5.505259589392446529e+00 -2.507373360418034025e+01
2.101239530597462490e+01 1.478104338351848313e+01
-2.549763215948907913e+01 3.297082689194827054e+00
1.658654538280380919e+01 -1.966943090849833453e+01
1.056904697821290595e+00 2.572708596906620571e+01
-1.817141396832054667e+01 -1.827018649034335951e+01
2.575974429610094774e+01 1.198154330416032032e+00
-1.981865982109824031e+01 1.652938967099469636e+01
3.450808425355241571e+00 -2.559476355060732189e+01
1.475554434947656546e+01 2.121965859646734032e+01
-2.523281827798841093e+01 -5.683738360446753290e+00
2.246197391727659820e+01 -1.286311500918754014e+01
-7.879724960000291212e+00 2.467610047302345322e+01
-1.086629048459177938e+01 -2.353558435867845944e+01
2.392830719059234212e+01 1.002178202679776930e+01
-2.443173667151981476e+01 8.780104965973574593e+00
1.209328786305294301e+01 -2.299461651477006896e+01
6.620324696188303548e+00 2.514301694143006571e+01
-2.188165203804879866e+01 -1.407811436541679839e+01
2.566341162877875703e+01 -4.403328692235369601e+00
-1.596075269049221923e+01 2.059743609173106194e+01
-2.145984394886939484e+00 -2.598835798924013929e+01
1.915133205598071342e+01 1.772643451124804059e+01
-2.611478345520436761e+01 -1.344808082384056913e-01
1.936124791561971037e+01 -1.755397616353376122e+01
-2.420611206678880745e+00 2.604113364249146301e+01
-1.581719929320306761e+01 -2.085224703764791698e+01
2.576738873366365112e+01 4.694856531169355307e+00
-2.218755455715340119e+01 1.395393932813745863e+01
6.939706831722945779e+00 -2.529506807837721283e+01
1.197814472831854715e+01 2.335645625662109381e+01
-2.462722294173820003e+01 -9.137827432049899556e+00
2.434948688305993514e+01 -9.904670036487443596e+00
-1.127219291911311316e+01 2.376841742300686278e+01
-7.749164100810677525e+00 -2.515850662775330804e+01
2.272469765845629297e+01 1.332621913116211410e+01
-2.577676760715451820e+01 5.527951856406644104e+00
1.528389212035383515e+01 -2.150354951289172689e+01
3.257910559509433313e+00 2.619896980391093422e+01
-2.011384505397929701e+01 -1.712989308619620488e+01
2.642130600670975582e+01 -9.563414138282714250e-01
-1.884971830482617250e+01 1.856577819076542823e+01
1.359162433548891658e+00 -2.644149537146546081e+01
1.687078994275177379e+01 2.042979311465354542e+01
-2.625880531310290422e+01 -3.670850518416473918e+00
2.185757906256652916e+01 -1.504148388702568440e+01
-5.960951276555896960e+00 2.587406152652742364e+01
-1.309153240839349230e+01 -2.312167336504827730e+01
2.528964602651034355e+01 8.211808805239533271e+00
-2.421189989554598299e+01 1.103557445029756678e+01
1.040601911583616257e+01 -2.450948318836715956e+01
8.889105531558847417e+00 2.511939097288805556e+01
-2.353901386398500861e+01 -1.252656482484808897e+01
2.583665929434218356e+01 -6.668360856168598971e+00
-1.455694724037908472e+01 2.238515773991373337e+01
-4.390192398575809563e+00 -2.635765943143448453e+01
2.105626419561700402e+01 1.648131481782862906e+01
-2.667783838551111941e+01 2.071940896007770316e+00
1.828458698425690443e+01 -1.956205200931495014e+01
-2.686962787883826476e-01 2.679417478314578105e+01
-1.791353834594662686e+01 -1.995257236369034715e+01
2.670520637808446907e+01 2.613800356553002580e+00
-2.147208047626329375e+01 1.612295754571327677e+01
4.945368487931181001e+00 -2.641104561577555643e+01
1.420367031181450379e+01 2.283102603198724267e+01
-2.591338310801275924e+01 -7.245452083711484192e+00
2.401852499487023707e+01 -1.217006397151608255e+01
-9.496295115070719106e+00 2.521547895812181395e+01
-1.003744455573307981e+01 -2.502498165415080678e+01
2.432214197078496554e+01 1.168047130697132552e+01
-2.584216600708206002e+01 7.821921507047508548e+00
1.378101916398345317e+01 -2.323969687414017926e+01
5.540285885558894563e+00 2.646328083035580292e+01
-2.197593977466532422e+01 -1.578157378147954226e+01
2.688301789539809405e+01 -3.209882994083411045e+00
-1.766649441718984548e+01 2.054008215678311089e+01
-8.484803899201268651e-01 -2.709760286497536086e+01
1.894268382837914189e+01 1.942098682812135735e+01
-2.710482849470212940e+01 -1.525867711429656159e+00
2.103121941578027787e+01 -1.719557529963178055e+01
-3.894958604700549554e+00 2.690407585232522081e+01
-1.531177016565089488e+01 -2.248443226755532720e+01
2.649632335934384031e+01 6.240580777226586662e+00
-2.376903823492179058e+01 1.330536814172483062e+01
8.544654032106370423e+00 -2.588414355298641922e+01
1.119144947416453739e+01 2.487471524796258393e+01
-2.507168756103360607e+01 -1.078936897329555400e+01
2.579248913152427392e+01 -8.985961517845609592e+00
-1.295732477551825390e+01 2.406465737677851990e+01
-6.705598334211718026e+00 -2.651480625952633829e+01
2.287026611580206392e+01 1.503166417241936337e+01
-2.703559546064343522e+01 4.367674219586005435e+00
1.699620461525435644e+01 -2.149718652932067897e+01
1.989992122840741340e+00 2.735031867000879657e+01
-1.995548814034090412e+01 -1.883556458088564156e+01
2.745600990712939904e+01 4.092920468470836459e-01
-2.053528404294830878e+01 1.825656345743723463e+01
2.811808186702398515e+00 -2.735130224909215357e+01
1.641304380646641192e+01 2.208193816237638174e+01
-2.703644255997548385e+01 -5.199112780191089911e+00
2.346324330337825259e+01 -1.443870540202533448e+01
-7.552830609892767555e+00 2.651329383117584015e+01
-1.234836635725017295e+01 -2.466815453792869661e+01
2.578532508256985523e+01 9.854796313785168849e+00
-2.568695386524202817e+01 1.015777540236678078e+01
1.208719469350592846e+01 -2.485758887022798547e+01
7.883493148311600862e+00 2.651132844239465669e+01
-2.373668654213308926e+01 -1.423269869000667853e+01
2.713443819758962050e+01 -5.542766791160285145e+00
-1.627460395725155351e+01 2.243072147824523555e+01
-3.153399206326999771e+00 -2.755097227768080614e+01
2.094924064439721789e+01 1.819695898833472114e+01
-2.775719386645425502e+01 7.336134268634852962e-01
1.998468977965976379e+01 -1.930316488068115888e+01
-1.698086461548122150e+00 2.775097299860145483e+01
-1.750470843269903654e+01 -2.162371805879357467e+01
2.753180708597637860e+01 4.123056946075426943e+00
-2.310107214849031720e+01 1.556728831846590566e+01
6.522658147863964473e+00 -2.710082896676970066e+01
1.350542420360881835e+01 2.440498959394527390e+01
-2.646080238396991646e+01 -8.878397220021865266e+00
2.552501074177850882e+01 -1.133462953219431846e+01
-1.117207097836855034e+01 2.561610489622290743e+01
-9.071294730134544793e+00 -2.645206252674889669e+01
2.457269832103650842e+01 1.338590666422448372e+01
-2.717853179606810343e+01 6.732563361017482428e+00
1.550269974979235243e+01 -2.333808690676654862e+01
4.336202170870932626e+00 2.769832758007844475e+01
-2.192126352484512353e+01 -1.750594771711302400e+01
2.800693180184364905e+01 -1.900466007819872738e+00
-1.937997876980530165e+01 2.033264426684084114e+01
5.560413555645956629e-01 -2.810143800610392262e+01
1.858399192131155075e+01 2.111007447330840137e+01
-2.798057777933696499e+01 -3.014509435127774140e+00
2.268258536376701784e+01 -1.668832889223549998e+01
-5.456065195128137368e+00 2.764473462680572524e+01
-1.465984020369943863e+01 -2.408503861740722840e+01
2.709594516856284585e+01 7.861918049829564659e+00
-2.530623693129271956e+01 1.251376731353417959e+01
1.021350459154554713e+01 -2.633788761382503196e+01
1.026629353101364117e+01 2.633634783213244646e+01
-2.537585757109490459e+01 -1.249263192972183134e+01
2.716698270145665361e+01 -7.934421900728177768e+00
-1.468161853344789414e+01 2.421673134917921288e+01
-5.535846474687724950e+00 -2.779126488320903121e+01
2.286891700105407210e+01 1.676343148639024605e+01
-2.820388632236364401e+01 3.088817947886998816e+00
1.872181908809488959e+01 -2.134229345765458774e+01
6.120046787304311842e-01 2.840115227016699961e+01
-1.964813819120235650e+01 -2.054143776904176022e+01
2.838101368260490176e+01 1.875649846798038700e+00
-2.220797232784255826e+01 1.779904393740795854e+01
4.355072017795771799e+00 -2.814308703251674615e+01
1.580882509113297729e+01 2.370824854851079877e+01
-2.768866135220352120e+01 -6.807204457263723363e+00
2.503033731174176069e+01 -1.369241447153964408e+01
-9.213152613113759770e+00 2.702069242131805638e+01
-1.146575122839216476e+01 -2.616364937787967904e+01
2.614378411370360311e+01 1.155433045295395900e+01
-2.709902008903114989e+01 9.145660731422644574e+00
1.381260413839631163e+01 -2.506415701586544742e+01
6.749727348433609997e+00 2.782878331371688674e+01
-2.378960452804782122e+01 -1.597043256768853681e+01
2.834683403872679008e+01 -4.296161074829488058e+00
-1.801100369658727374e+01 2.232943675602946243e+01
-1.803659026761838202e+00 -2.864867909895987808e+01
2.069441259631663499e+01 1.991836557786334438e+01
-2.873147562614380490e+01 -7.087371475408583699e-01
2.167755109748867071e+01 -1.889666050961830379e+01
-3.221786850313056672e+00 2.859405689109451743e+01
-1.694958856563668803e+01 -2.327469543207038427e+01
2.823694531044216305e+01 5.716197996491928279e+00
-2.469714530571705069e+01 1.486778442634604858e+01
8.172775224778851211e+00 -2.766235248718447437e+01
1.266690601400335403e+01 2.593355918558819084e+01
-2.687416625400219772e+01 -1.057256771802618367e+01
2.697399762314721627e+01 -1.036356368371654213e+01
-1.289701549384489532e+01 2.587792478835048726e+01
-7.975194787606698199e+00 -2.781000302228913768e+01
2.468077796813359726e+01 1.512809303539911454e+01
-2.843466819512358867e+01 5.519931578672606420e+00
1.724844915033065362e+01 -2.329143623541617814e+01
3.016463455451902753e+00 2.884269315133250799e+01
-2.172010733258938942e+01 -1.924154197201452732e+01
2.903042965615348692e+01 -4.838945950556391429e-01
-2.109176805245634867e+01 1.997842136960229453e+01
2.058401940265229602e+00 -2.899591318534928419e+01
1.807934477188306488e+01 2.278458453909977166e+01
-2.873888200168867613e+01 -4.590932508000385326e+00
2.430662347876949880e+01 -1.603708374553588456e+01
-7.094232465584402014e+00 2.826078317605950829e+01
-1.386697797848607827e+01 -2.564579735052474874e+01
2.756476547651273279e+01 9.549015877296039179e+00
-2.679139499446903727e+01 1.158538537340641739e+01
1.193632419578780812e+01 -2.665565914947613280e+01
9.209558678849290914e+00 2.773416717590113123e+01
-2.553994271851593822e+01 -1.423767277102984607e+01
2.846640110209806451e+01 -6.757514949629783274e+00
-1.643519405413517021e+01 2.422569702615221132e+01
-4.247898824717609934e+00 -2.898198329264170425e+01
2.272254684319440798e+01 1.851177638582628759e+01
-2.927645029246065178e+01 1.699840661085773252e+00
2.045119729117570273e+01 -2.104159046644068454e+01
-8.671893964977669400e-01 2.934702680938227104e+01
-1.919531781912646906e+01 -2.223825024193058653e+01
2.919265095376394115e+01 3.433530295731402671e+00
-2.385886389573694544e+01 1.719751765821742140e+01
5.979480767678383657e+00 -2.881398635643746431e+01
1.506317457790484404e+01 2.530021287727755919e+01
-2.821342104177891841e+01 -8.485450672728376276e+00
2.655081922931245941e+01 -1.280835657890472135e+01
-1.093211183812499954e+01 2.739505303442077988e+01
-1.045009404723916724e+01 -2.760064373169322494e+01
2.636466278026273713e+01 1.330054722494637431e+01
-2.844116636227053618e+01 8.006251054872757678e+00
1.557239727266295759e+01 -2.512967256416921913e+01
5.495389955046986685e+00 2.906545525605901759e+01
-2.369909320729623659e+01 -1.773000228854710159e+01
2.946822360585926148e+01 -2.936630299353171214e+00
-1.975653977713025000e+01 2.208345842558792427e+01
-3.495031497379302854e-01 -2.964587403920355513e+01
2.029474732685951821e+01 2.163615564140100034e+01
-2.959653010199385292e+01 -2.246198103857219408e+00
2.335408823224716457e+01 -1.834629561629307304e+01
-4.830569279880591260e+00 2.932005457758006983e+01
-1.625269616839514697e+01 -2.489678427544074779e+01
2.881805447083244331e+01 7.383748134662654117e+00
-2.625200576586276213e+01 1.402968970680065297e+01
9.886067112322853845e+00 -2.809387258906554763e+01
1.169404641121995425e+01 2.740892698615240519e+01
-2.715256575472990264e+01 -1.231820493964396412e+01
2.835822088132411167e+01 -9.263439342168387824e+00
-1.466133589676378257e+01 2.600086978780259628e+01
-6.756310639741670343e+00 -2.909213410080658946e+01
2.464715149798615812e+01 1.689727560985257426e+01
-2.960455010552526289e+01 4.191731509703878089e+00
1.900862223618643299e+01 -2.310134802737620774e+01
1.589257060610089978e+00 2.989103982793674774e+01
-2.137489398240382243e+01 -2.097889194502409183e+01
2.994889946769251310e+01 1.031222902212211689e+00
-2.279264763922095938e+01 1.948063688882669453e+01
3.649635986810239263e+00 -2.977717510382372978e+01
1.743274159469801887e+01 2.443561991217913842e+01
-2.937667390507078480e+01 -6.245881064760456347e+00
2.589481929256870174e+01 -1.524658433240743527e+01
-8.799982681367097825e+00 2.874996182271620171e+01
-1.293863723261880949e+01 -2.715863889377908791e+01
2.790134775409482870e+01 1.129224483905070642e+01
-2.821694665759179443e+01 1.052634415752303809e+01
1.370340296932313606e+01 -2.683685426908947491e+01
8.027988789858316210e+00 2.906116645955404465e+01
-2.556417509556686696e+01 -1.601477292012593168e+01
2.968434742772423718e+01 -5.462555975929372032e+00
-1.820839580576226169e+01 2.409261966206040029e+01
-2.849587374606970869e+00 -3.008122091595486580e+01
2.243304509635314403e+01 2.026717759593048029e+01
-3.024824466658354538e+01 2.090325106298357993e-01
2.217502235875600292e+01 -2.059777617580770581e+01
-2.438903631813343686e+00 3.018363379506727995e+01
-1.860051381955429051e+01 -2.391695811863561261e+01
2.988737832974473463e+01 5.073915310162824710e+00
-2.547925434503799735e+01 1.645623280161235513e+01
7.675751834011196095e+00 -2.936124714283563719e+01
1.418106944869956187e+01 2.684953015028679602e+01
-2.860877821319217773e+01 -1.022437328878307206e+01
2.801685234395202784e+01 -1.179220016524438464e+01
-1.270010497440151731e+01 2.763525526640168195e+01
-9.307711700562386170e+00 -2.897182256778496168e+01
2.644767094279506026e+01 1.508378936811415905e+01
-2.970665281771297472e+01 6.746464138188676074e+00
1.735693443718125195e+01 -2.505467674793253963e+01
4.127947646237816848e+00 3.021522874694016991e+01
-2.346652014240443407e+01 -1.950185715274643172e+01
3.049316023731748260e+01 -1.472134077208950842e+00
-2.150182109064309444e+01 2.169496922758766289e+01
1.200675452062873516e+00 -3.053781882287622906e+01
1.975322558026294573e+01 2.334116704827000532e+01
-3.034836164978856132e+01 -3.870005836383580977e+00
2.500543565785460132e+01 -1.765582588158632404e+01
-6.515364925738724722e+00 2.992574175997069119e+01
-1.541853307351437152e+01 -2.648148103601729275e+01
2.927270459035655392e+01 9.116400932699171733e+00
-2.775757457679128848e+01 1.305821785749762931e+01
1.165305909390792394e+01 -2.839377068573122287e+01
1.059273142697509940e+01 2.882349806869343567e+01
-2.729520472910425255e+01 -1.410573637908651534e+01
2.967062539738398286e+01 -8.040770393943146743e+00
-1.645543305340965290e+01 2.598497109917101966e+01
-5.421734932243897020e+00 -3.029199218150708361e+01
2.447267626835204268e+01 1.868389992117380771e+01
-3.068235278088208418e+01 2.755581214462303752e+00
2.077378010880221737e+01 -2.276949845717145848e+01
6.266926548085598181e-02 3.083822421222019727e+01
-2.088810505928381644e+01 -2.270874428567818626e+01
3.075791660733114696e+01 2.636392606662129712e+00
-2.447361826904600335e+01 1.884255844679850966e+01
5.320905613226862840e+00 -3.044154995158969967e+01
1.664821085636353359e+01 2.605450201562216606e+01
-2.989105694546360681e+01 -7.970239311529603299e+00
2.743887906705752400e+01 -1.432158914169067820e+01
-1.056399023651417579e+01 2.911017193839351336e+01
-1.188027025787582502e+01 -2.861571558776455149e+01
2.810440599127602468e+01 1.308213911703771259e+01
-2.957554821183638794e+01 9.342748416249987642e+00
1.550520546430919389e+01 -2.688100823089707703e+01
6.728294913823334333e+00 3.031056000064365463e+01
-2.544891376511215952e+01 -1.781439833886861379e+01
3.081464390229528760e+01 -4.056811700675269527e+00
-1.999176212833846122e+01 2.381867853185671535e+01
-1.348679798297956145e+00 -3.108345319943816776e+01
2.200240155630603667e+01 2.202031620470200579e+01
-3.111443853075765986e+01 -1.375396275879439134e+00
2.388418737490790633e+01 -2.001363518804842201e+01
-4.094546889468629658e+00 3.090687117406002926e+01
-1.786728398422056330e+01 -2.556873409121412166e+01
3.046185238386174277e+01 6.787897269686434143e+00
-2.706066144937028639e+01 1.557949299311646207e+01
9.434727843987134932e+00 -2.978230868334242842e+01
1.316752627547747068e+01 2.834812607183427957e+01
-2.887297311828434232e+01 -1.201463371521702506e+01
2.942083004867532026e+01 -1.064963657816375431e+01
-1.450768204274599427e+01 2.774035258872146414e+01
-8.044927144220125115e+00 -3.027010319183253273e+01
2.639268148141733050e+01 1.689456611518776796e+01
-3.088897294656062087e+01 5.373206706115627007e+00
1.915675492365011934e+01 -2.483986193188696134e+01
2.654838763505937838e+00 3.127222139758840669e+01
-2.309339114849685615e+01 -2.127663707596966702e+01
3.141642890573242752e+01 8.941370733889018874e-02
-2.323765793400685808e+01 2.116627633151585641e+01
2.838546927090358718e+00 -3.132000401249504762e+01
1.907293781615124217e+01 2.502444890624423124e+01
-3.098319935527483437e+01 -5.571477157029105953e+00
2.662294788546743263e+01 -1.682910116101525944e+01
-8.267202480469693526e+00 3.040811344274609240e+01
-1.445167898946005458e+01 -2.802050988803734555e+01
2.959867824860517160e+01 1.090496427942554902e+01
-2.920600702444864183e+01 1.195864347189330523e+01
1.346440716504015889e+01 -2.856063269071634636e+01
9.368890410870932328e+00 3.016991701130599068e+01
-2.730148217153816503e+01 -1.592573612858079635e+01
