0.000000000000000000e+00 0.000000000000000000e+00
1.886694190335244103e+00 -1.200160419342030327e+00
1.340318696478210336e+00 -2.864183267856816428e+00
-4.977198117160188118e-01 -3.840869040858509997e+00
-2.865338463862735718e+00 -3.433632986722480407e+00
-4.763463919162703064e+00 -1.519674797723219228e+00
-5.296312806292968745e+00 1.396091206869056300e+00
-4.017487459926575077e+00 4.342786491336261712e+00
-1.131991355505092001e+00 6.222426823278980557e+00
2.529279262273746554e+00 6.213110848313586843e+00
5.764667391289764353e+00 4.094949311994040997e+00
7.406523218941808651e+00 3.787001548400310003e-01
6.739470932599234132e+00 -3.818315276224581556e+00
3.785579700595533392e+00 -7.118243205344913171e+00
-6.501061201481154184e-01 -8.341304576176675312e+00
-5.201930872230024150e+00 -6.923865625540416957e+00
-8.371210428044111751e+00 -3.150053328025658850e+00
-9.023390998483574066e+00 1.891669867732103993e+00
-6.789514033406990556e+00 6.625896104691768151e+00
-2.231912454643227406e+00 9.487811486049269050e+00
3.292556052879815454e+00 9.442408307134598999e+00
8.039877514550788362e+00 6.352981154625017446e+00
1.043339260169399019e+01 1.069728385580708929e+00
9.588137496145886729e+00 -4.802876154451755752e+00
5.630758945400767601e+00 -9.396518168917102898e+00
-2.984216130677596612e-01 -1.117635649667878361e+01
-6.374242394799626510e+00 -9.453519656315265252e+00
-1.065137873437351956e+01 -4.641996451628927822e+00
-1.168928185563779465e+01 1.833218399279532340e+00
-9.036115506365399952e+00 7.959184415228911291e+00
-3.409662026566579129e+00 1.176325655864862441e+01
3.493559072792872033e+00 1.194968807144799960e+01
9.511234389516882715e+00 8.338850063868004980e+00
1.269467231371235982e+01 1.960942336598626490e+00
1.194059723638985027e+01 -5.236615093580880398e+00
7.370357714160631346e+00 -1.098534601937111788e+01
3.272115221522627349e-01 -1.341241710579307878e+01
-7.018224608636243644e+00 -1.165094516950160042e+01
-1.233848415933987575e+01 -6.145063762868451462e+00
-1.388809821514166210e+01 1.456271941149375859e+00
-1.107585888879027003e+01 8.793483375523353018e+00
-4.683068454563976246e+00 1.353029452191887039e+01
3.350856350393771166e+00 1.409864396738302261e+01
1.051745596590718712e+01 1.021680576330994583e+01
1.452379713806011985e+01 3.009869879658698899e+00
1.402674058991107486e+01 -5.315124497445110840e+00
9.081615779937273203e+00 -1.214595631581121538e+01
1.155949302680390867e+00 -1.528606493541201417e+01
-7.305622350918814512e+00 -1.366118157648728015e+01
-1.363636076550060849e+01 -7.684377988693402273e+00
-1.578885885372403131e+01 8.437630574872738709e-01
-1.299711543529292257e+01 9.277660823810624180e+00
-6.045213302063415561e+00 1.494842453680505656e+01
2.950525829500146191e+00 1.600919727311311647e+01
1.118616674650554366e+01 1.203618184971353600e+01
1.604507734041325406e+01 4.189927581731831552e+00
1.592984203550422606e+01 -5.122512344922418137e+00
1.078652978861961920e+01 -1.298656132774267746e+01
2.149550958028165315e+00 -1.689317704515169893e+01
-7.315608715047274835e+00 -1.553968690573668887e+01
-1.463564569529978776e+01 -9.262714239446927067e+00
-1.746420286354160112e+01 4.022861003444903882e-02
-1.483403741129256304e+01 9.484267714503458180e+00
-7.485471137419128063e+00 1.609247407488560100e+01
2.339727530114758647e+00 1.773487172450996496e+01
1.158240144801750127e+01 1.381477385616435249e+01
1.731919606592776262e+01 5.481372786989793688e+00
1.768766363177269696e+01 -4.706012669900648149e+00
1.249039204233901224e+01 -1.356429528684311236e+01
3.282368634908129135e+00 -1.828185045734078074e+01
-7.093717833725829536e+00 -1.731124395574968844e+01
-1.538552527605112275e+01 -1.087591890278665474e+01
-1.895109417536817276e+01 -9.252186532525880081e-01
-1.660077282860335401e+01 9.455915687711291540e+00
-8.992702865528366729e+00 1.700386118422277448e+01
1.549171192207786651e+00 1.930285130796052684e+01
1.174502904757920696e+01 1.555809412079515042e+01
1.838013762132989726e+01 6.868081320206782081e+00
1.931886871840553255e+01 -4.096499901258642495e+00
1.419179886646683997e+01 -1.391376458524976201e+01
4.534930024878884858e+00 -1.947907620164395581e+01
-6.669895558969293425e+00 -1.898716654038831919e+01
-1.591605146386463510e+01 -1.251716045273896860e+01
-2.027004257812945909e+01 -2.031101642168287924e+00
-1.830237382042193772e+01 9.220797825434287276e+00
-1.055594136497123081e+01 1.770796718709658535e+01
6.012372020228956560e-01 2.072772331508947019e+01
1.169988276234413149e+01 1.726594171620542184e+01
1.924863305332210572e+01 8.336073750786738401e+00
2.083270898154256301e+01 -3.316358920616996553e+00
1.588622893896083887e+01 -1.405801302101129835e+01
5.891218491356162268e+00 -2.050106203802874560e+01
-6.065804801859981055e+00 -2.057197151723024220e+01
-1.624719579077597231e+01 -1.417845650753958076e+01
-2.143294268170511430e+01 -3.260209809620107091e+00
-1.993922581863758126e+01 8.799276888095780791e+00
-1.216453132206939003e+01 1.822153060844211225e+01
-4.863946612532805136e-01 2.201734362345976237e+01
1.146557580968502243e+01 1.893516758184003024e+01
1.993812916415025072e+01 9.872740522958212139e+00
2.223332477428341747e+01 -2.383121793202184868e+00
1.756758168583644064e+01 -1.401356748695577892e+01
7.337321033869318221e+00 -2.135798960684124737e+01
-5.298311484156821294e+00 -2.206644274496575520e+01
-1.639316092511458933e+01 -1.585131776488302435e+01
-2.244680854740220610e+01 -4.597911051365731971e+00
-2.150914000379871638e+01 8.207124727758538185e+00
-1.380813205879242567e+01 1.855627896554017653e+01
-1.698892496579475830e+00 2.317571496815288867e+01
1.105644139571953843e+01 2.056100930555257023e+01
2.045780382835114253e+01 1.146639710286982172e+01
2.352191155634631414e+01 -1.311364455604073775e+00
1.922892716915239930e+01 -1.379305477127647706e+01
8.860683278803684004e+00 -2.205647958838238409e+01
-4.381341745417281608e+00 -2.346921056426619501e+01
-1.636467014658459718e+01 -1.752705254723345973e+01
-2.331575436463822015e+01 -6.031218650310546714e+00
-2.300845313173713791e+01 7.457283988467609426e+00
-1.547668928364420537e+01 1.872089978653623987e+01
-3.023235808615484022e+00 2.420454596239113698e+01
1.048416309682503744e+01 2.213780305629201450e+01
2.081423578740774971e+01 1.310601345132052664e+01
2.469791597159916918e+01 -1.137833899416736128e-01
2.086290822572085801e+01 -1.340667969204713650e+01
1.044966915719318123e+01 -2.260098260043588425e+01
-3.326952337879081956e+00 -2.477763887341731674e+01
-1.617028321068515240e+01 -1.919692529771978329e+01
-2.404213156730034129e+01 -7.548238847613425229e+00
-2.443265451215868111e+01 6.560898832438442518e+00
-1.716040567961802310e+01 1.872219209683881047e+01
-4.447596503036405302e+00 2.510416071782082525e+01
9.758742763850550617e+00 2.365939432168529422e+01
2.101239530597462490e+01 1.478104338351848313e+01
2.575974429610094774e+01 1.198154330416032032e+00
2.246197391727659820e+01 -1.286311500918754014e+01
1.209328786305294301e+01 -2.299461651477006896e+01
-2.145984394886939484e+00 -2.598835798924013929e+01
-1.581719929320306761e+01 -2.085224703764791698e+01
-2.462722294173820003e+01 -9.137827432049899556e+00
-2.577676760715451820e+01 5.527951856406644104e+00
-1.884971830482617250e+01 1.856577819076542823e+01
-5.960951276555896960e+00 2.587406152652742364e+01
8.889105531558847417e+00 2.511939097288805556e+01
2.105626419561700402e+01 1.648131481782862906e+01
2.670520637808446907e+01 2.613800356553002580e+00
2.401852499487023707e+01 -1.217006397151608255e+01
1.378101916398345317e+01 -2.323969687414017926e+01
-8.484803899201268651e-01 -2.709760286497536086e+01
-1.531177016565089488e+01 -2.248443226755532720e+01
-2.507168756103360607e+01 -1.078936897329555400e+01
-2.703559546064343522e+01 4.367674219586005435e+00
-2.053528404294830878e+01 1.825656345743723463e+01
-7.552830609892767555e+00 2.651329383117584015e+01
7.883493148311600862e+00 2.651132844239465669e+01
2.094924064439721789e+01 1.819695898833472114e+01
2.753180708597637860e+01 4.123056946075426943e+00
2.552501074177850882e+01 -1.133462953219431846e+01
1.550269974979235243e+01 -2.333808690676654862e+01
5.560413555645956629e-01 -2.810143800610392262e+01
-1.465984020369943863e+01 -2.408503861740722840e+01
-2.537585757109490459e+01 -1.249263192972183134e+01
-2.820388632236364401e+01 3.088817947886998816e+00
-2.220797232784255826e+01 1.779904393740795854e+01
-9.213152613113759770e+00 2.702069242131805638e+01
6.749727348433609997e+00 2.782878331371688674e+01
2.069441259631663499e+01 1.991836557786334438e+01
2.823694531044216305e+01 5.716197996491928279e+00
2.697399762314721627e+01 -1.036356368371654213e+01
1.724844915033065362e+01 -2.329143623541617814e+01
2.058401940265229602e+00 -2.899591318534928419e+01
-1.386697797848607827e+01 -2.564579735052474874e+01
-2.553994271851593822e+01 -1.423767277102984607e+01
-2.927645029246065178e+01 1.699840661085773252e+00
-2.385886389573694544e+01 1.719751765821742140e+01
-1.093211183812499954e+01 2.739505303442077988e+01
5.495389955046986685e+00 2.906545525605901759e+01
2.029474732685951821e+01 2.163615564140100034e+01
2.881805447083244331e+01 7.383748134662654117e+00
2.835822088132411167e+01 -9.263439342168387824e+00
1.900862223618643299e+01 -2.310134802737620774e+01
3.649635986810239263e+00 -2.977717510382372978e+01
-1.293863723261880949e+01 -2.715863889377908791e+01
-2.556417509556686696e+01 -1.601477292012593168e+01
-3.024824466658354538e+01 2.090325106298357993e-01
-2.547925434503799735e+01 1.645623280161235513e+01
-1.270010497440151731e+01 2.763525526640168195e+01
4.127947646237816848e+00 3.021522874694016991e+01
1.975322558026294573e+01 2.334116704827000532e+01
2.927270459035655392e+01 9.116400932699171733e+00
2.967062539738398286e+01 -8.040770393943146743e+00
2.077378010880221737e+01 -2.276949845717145848e+01
5.320905613226862840e+00 -3.044154995158969967e+01
-1.188027025787582502e+01 -2.861571558776455149e+01
-2.544891376511215952e+01 -1.781439833886861379e+01
-3.111443853075765986e+01 -1.375396275879439134e+00
-2.706066144937028639e+01 1.557949299311646207e+01
-1.450768204274599427e+01 2.774035258872146414e+01
2.654838763505937838e+00 3.127222139758840669e+01
1.907293781615124217e+01 2.502444890624423124e+01
2.959867824860517160e+01 1.090496427942554902e+01
